# x y u(x,y)
0 0 0
0.04 0 0
0.08 0 0
0.12 0 0
0.16 0 0
0.2 0 0
0.24 0 0
0.28 0 0
0.32 0 0
0.36 0 0
0.4 0 0
0.44 0 0
0.48 0 0
0.52 0 0
0.56 0 0
0.6 0 0
0.64 0 0
0.68 0 0
0.72 0 0
0.76 0 0
0.8 0 0
0.84 0 0
0.88 0 0
0.92 0 0
0.96 0 0
1 0 0
1.04 0 0
1.08 0 0
1.12 0 0
1.16 0 0
1.2 0 0
1.24 0 0
1.28 0 0
1.32 0 0
1.36 0 0
1.4 0 0
1.44 0 0
1.48 0 0
1.52 0 0
1.56 0 0
1.6 0 0
1.64 0 0
1.68 0 0
1.72 0 0
1.76 0 0
1.8 0 0
1.84 0 0
1.88 0 0
1.92 0 0
1.96 0 0
2 0 0

0 0.02 0
0.04 0.02 0.0315186
0.08 0.02 0.0610568
0.12 0.02 0.0867585
0.16 0.02 0.107009
0.2 0.02 0.120536
0.24 0.02 0.126488
0.28 0.02 0.124494
0.32 0.02 0.114676
0.36 0.02 0.0976537
0.4 0.02 0.074495
0.44 0.02 0.0466556
0.48 0.02 0.0158846
0.52 0.02 -0.0158846
0.56 0.02 -0.0466556
0.6 0.02 -0.074495
0.64 0.02 -0.0976537
0.68 0.02 -0.114676
0.72 0.02 -0.124494
0.76 0.02 -0.126488
0.8 0.02 -0.120536
0.84 0.02 -0.107009
0.88 0.02 -0.0867585
0.92 0.02 -0.0610568
0.96 0.02 -0.0315186
1 0.02 9.80507e-17
1.04 0.02 0.0315186
1.08 0.02 0.0610568
1.12 0.02 0.0867585
1.16 0.02 0.107009
1.2 0.02 0.120536
1.24 0.02 0.126488
1.28 0.02 0.124494
1.32 0.02 0.114676
1.36 0.02 0.0976537
1.4 0.02 0.074495
1.44 0.02 0.0466556
1.48 0.02 0.0158846
1.52 0.02 -0.0158846
1.56 0.02 -0.0466556
1.6 0.02 -0.074495
1.64 0.02 -0.0976537
1.68 0.02 -0.114676
1.72 0.02 -0.124494
1.76 0.02 -0.126488
1.8 0.02 -0.120536
1.84 0.02 -0.107009
1.88 0.02 -0.0867585
1.92 0.02 -0.0610568
1.96 0.02 -0.0315186
2 0.02 0

0 0.04 0
0.04 0.04 0.0635352
0.08 0.04 0.123078
0.12 0.04 0.174888
0.16 0.04 0.215709
0.2 0.04 0.242976
0.24 0.04 0.254976
0.28 0.04 0.250954
0.32 0.04 0.231165
0.36 0.04 0.19685
0.4 0.04 0.150167
0.44 0.04 0.0940483
0.48 0.04 0.0320201
0.52 0.04 -0.0320201
0.56 0.04 -0.0940483
0.6 0.04 -0.150167
0.64 0.04 -0.19685
0.68 0.04 -0.231165
0.72 0.04 -0.250954
0.76 0.04 -0.254976
0.8 0.04 -0.242976
0.84 0.04 -0.215709
0.88 0.04 -0.174888
0.92 0.04 -0.123078
0.96 0.04 -0.0635352
1 0.04 1.95593e-16
1.04 0.04 0.0635352
1.08 0.04 0.123078
1.12 0.04 0.174888
1.16 0.04 0.215709
1.2 0.04 0.242976
1.24 0.04 0.254976
1.28 0.04 0.250954
1.32 0.04 0.231165
1.36 0.04 0.19685
1.4 0.04 0.150167
1.44 0.04 0.0940483
1.48 0.04 0.0320201
1.52 0.04 -0.0320201
1.56 0.04 -0.0940483
1.6 0.04 -0.150167
1.64 0.04 -0.19685
1.68 0.04 -0.231165
1.72 0.04 -0.250954
1.76 0.04 -0.254976
1.8 0.04 -0.242976
1.84 0.04 -0.215709
1.88 0.04 -0.174888
1.92 0.04 -0.123078
1.96 0.04 -0.0635352
2 0.04 0

0 0.06 0
0.04 0.06 0.0965558
0.08 0.06 0.187045
0.12 0.06 0.265781
0.16 0.06 0.327817
0.2 0.06 0.369255
0.24 0.06 0.387492
0.28 0.06 0.381381
0.32 0.06 0.351306
0.36 0.06 0.299158
0.4 0.06 0.228212
0.44 0.06 0.142927
0.48 0.06 0.0486616
0.52 0.06 -0.0486616
0.56 0.06 -0.142927
0.6 0.06 -0.228212
0.64 0.06 -0.299158
0.68 0.06 -0.351306
0.72 0.06 -0.381381
0.76 0.06 -0.387492
0.8 0.06 -0.369255
0.84 0.06 -0.327817
0.88 0.06 -0.265781
0.92 0.06 -0.187045
0.96 0.06 -0.0965558
1 0.06 2.97766e-16
1.04 0.06 0.0965558
1.08 0.06 0.187045
1.12 0.06 0.265781
1.16 0.06 0.327817
1.2 0.06 0.369255
1.24 0.06 0.387492
1.28 0.06 0.381381
1.32 0.06 0.351306
1.36 0.06 0.299158
1.4 0.06 0.228212
1.44 0.06 0.142927
1.48 0.06 0.0486616
1.52 0.06 -0.0486616
1.56 0.06 -0.142927
1.6 0.06 -0.228212
1.64 0.06 -0.299158
1.68 0.06 -0.351306
1.72 0.06 -0.381381
1.76 0.06 -0.387492
1.8 0.06 -0.369255
1.84 0.06 -0.327817
1.88 0.06 -0.265781
1.92 0.06 -0.187045
1.96 0.06 -0.0965558
2 0.06 0

0 0.08 0
0.04 0.08 0.131102
0.08 0.08 0.253966
0.12 0.08 0.360873
0.16 0.08 0.445105
0.2 0.08 0.501369
0.24 0.08 0.52613
0.28 0.08 0.517833
0.32 0.08 0.476998
0.36 0.08 0.406192
0.4 0.08 0.309863
0.44 0.08 0.194064
0.48 0.08 0.066072
0.52 0.08 -0.066072
0.56 0.08 -0.194064
0.6 0.08 -0.309863
0.64 0.08 -0.406192
0.68 0.08 -0.476998
0.72 0.08 -0.517833
0.76 0.08 -0.52613
0.8 0.08 -0.501369
0.84 0.08 -0.445105
0.88 0.08 -0.360873
0.92 0.08 -0.253966
0.96 0.08 -0.131102
1 0.08 3.99765e-16
1.04 0.08 0.131102
1.08 0.08 0.253966
1.12 0.08 0.360873
1.16 0.08 0.445105
1.2 0.08 0.501369
1.24 0.08 0.52613
1.28 0.08 0.517833
1.32 0.08 0.476998
1.36 0.08 0.406192
1.4 0.08 0.309863
1.44 0.08 0.194064
1.48 0.08 0.066072
1.52 0.08 -0.066072
1.56 0.08 -0.194064
1.6 0.08 -0.309863
1.64 0.08 -0.406192
1.68 0.08 -0.476998
1.72 0.08 -0.517833
1.76 0.08 -0.52613
1.8 0.08 -0.501369
1.84 0.08 -0.445105
1.88 0.08 -0.360873
1.92 0.08 -0.253966
1.96 0.08 -0.131102
2 0.08 0

0 0.1 0
0.04 0.1 0.16772
0.08 0.1 0.324901
0.12 0.1 0.461667
0.16 0.1 0.569426
0.2 0.1 0.641405
0.24 0.1 0.673082
0.28 0.1 0.662467
0.32 0.1 0.610227
0.36 0.1 0.519644
0.4 0.1 0.39641
0.44 0.1 0.248268
0.48 0.1 0.0845263
0.52 0.1 -0.0845263
0.56 0.1 -0.248268
0.6 0.1 -0.39641
0.64 0.1 -0.519644
0.68 0.1 -0.610227
0.72 0.1 -0.662467
0.76 0.1 -0.673082
0.8 0.1 -0.641405
0.84 0.1 -0.569426
0.88 0.1 -0.461667
0.92 0.1 -0.324901
0.96 0.1 -0.16772
1 0.1 5.08347e-16
1.04 0.1 0.16772
1.08 0.1 0.324901
1.12 0.1 0.461667
1.16 0.1 0.569426
1.2 0.1 0.641405
1.24 0.1 0.673082
1.28 0.1 0.662467
1.32 0.1 0.610227
1.36 0.1 0.519644
1.4 0.1 0.39641
1.44 0.1 0.248268
1.48 0.1 0.0845263
1.52 0.1 -0.0845263
1.56 0.1 -0.248268
1.6 0.1 -0.39641
1.64 0.1 -0.519644
1.68 0.1 -0.610227
1.72 0.1 -0.662467
1.76 0.1 -0.673082
1.8 0.1 -0.641405
1.84 0.1 -0.569426
1.88 0.1 -0.461667
1.92 0.1 -0.324901
1.96 0.1 -0.16772
2 0.1 0

0 0.12 0
0.04 0.12 0.206987
0.08 0.12 0.400969
0.12 0.12 0.569756
0.16 0.12 0.702744
0.2 0.12 0.791575
0.24 0.12 0.830669
0.28 0.12 0.817569
0.32 0.12 0.753098
0.36 0.12 0.641307
0.4 0.12 0.48922
0.44 0.12 0.306394
0.48 0.12 0.104316
0.52 0.12 -0.104316
0.56 0.12 -0.306394
0.6 0.12 -0.48922
0.64 0.12 -0.641307
0.68 0.12 -0.753098
0.72 0.12 -0.817569
0.76 0.12 -0.830669
0.8 0.12 -0.791575
0.84 0.12 -0.702744
0.88 0.12 -0.569756
0.92 0.12 -0.400969
0.96 0.12 -0.206987
1 0.12 6.22071e-16
1.04 0.12 0.206987
1.08 0.12 0.400969
1.12 0.12 0.569756
1.16 0.12 0.702744
1.2 0.12 0.791575
1.24 0.12 0.830669
1.28 0.12 0.817569
1.32 0.12 0.753098
1.36 0.12 0.641307
1.4 0.12 0.48922
1.44 0.12 0.306394
1.48 0.12 0.104316
1.52 0.12 -0.104316
1.56 0.12 -0.306394
1.6 0.12 -0.48922
1.64 0.12 -0.641307
1.68 0.12 -0.753098
1.72 0.12 -0.817569
1.76 0.12 -0.830669
1.8 0.12 -0.791575
1.84 0.12 -0.702744
1.88 0.12 -0.569756
1.92 0.12 -0.400969
1.96 0.12 -0.206987
2 0.12 0

0 0.14 0
0.04 0.14 0.249526
0.08 0.14 0.483373
0.12 0.14 0.686847
0.16 0.14 0.847165
0.2 0.14 0.954252
0.24 0.14 1.00138
0.28 0.14 0.985588
0.32 0.14 0.907868
0.36 0.14 0.773102
0.4 0.14 0.58976
0.44 0.14 0.369362
0.48 0.14 0.125754
0.52 0.14 -0.125754
0.56 0.14 -0.369362
0.6 0.14 -0.58976
0.64 0.14 -0.773102
0.68 0.14 -0.907868
0.72 0.14 -0.985588
0.76 0.14 -1.00138
0.8 0.14 -0.954252
0.84 0.14 -0.847165
0.88 0.14 -0.686847
0.92 0.14 -0.483373
0.96 0.14 -0.249526
1 0.14 7.49876e-16
1.04 0.14 0.249526
1.08 0.14 0.483373
1.12 0.14 0.686847
1.16 0.14 0.847165
1.2 0.14 0.954252
1.24 0.14 1.00138
1.28 0.14 0.985588
1.32 0.14 0.907868
1.36 0.14 0.773102
1.4 0.14 0.58976
1.44 0.14 0.369362
1.48 0.14 0.125754
1.52 0.14 -0.125754
1.56 0.14 -0.369362
1.6 0.14 -0.58976
1.64 0.14 -0.773102
1.68 0.14 -0.907868
1.72 0.14 -0.985588
1.76 0.14 -1.00138
1.8 0.14 -0.954252
1.84 0.14 -0.847165
1.88 0.14 -0.686847
1.92 0.14 -0.483373
1.96 0.14 -0.249526
2 0.14 0

0 0.16 0
0.04 0.16 0.296006
0.08 0.16 0.573413
0.12 0.16 0.814791
0.16 0.16 1.00497
0.2 0.16 1.13201
0.24 0.16 1.18791
0.28 0.16 1.16918
0.32 0.16 1.07698
0.36 0.16 0.917113
0.4 0.16 0.699619
0.44 0.16 0.438165
0.48 0.16 0.149179
0.52 0.16 -0.149179
0.56 0.16 -0.438165
0.6 0.16 -0.699619
0.64 0.16 -0.917113
0.68 0.16 -1.07698
0.72 0.16 -1.16918
0.76 0.16 -1.18791
0.8 0.16 -1.13201
0.84 0.16 -1.00497
0.88 0.16 -0.814791
0.92 0.16 -0.573413
0.96 0.16 -0.296006
1 0.16 8.73018e-16
1.04 0.16 0.296006
1.08 0.16 0.573413
1.12 0.16 0.814791
1.16 0.16 1.00497
1.2 0.16 1.13201
1.24 0.16 1.18791
1.28 0.16 1.16918
1.32 0.16 1.07698
1.36 0.16 0.917113
1.4 0.16 0.699619
1.44 0.16 0.438165
1.48 0.16 0.149179
1.52 0.16 -0.149179
1.56 0.16 -0.438165
1.6 0.16 -0.699619
1.64 0.16 -0.917113
1.68 0.16 -1.07698
1.72 0.16 -1.16918
1.76 0.16 -1.18791
1.8 0.16 -1.13201
1.84 0.16 -1.00497
1.88 0.16 -0.814791
1.92 0.16 -0.573413
1.96 0.16 -0.296006
2 0.16 0

0 0.18 0
0.04 0.18 0.347163
0.08 0.18 0.672513
0.12 0.18 0.955607
0.16 0.18 1.17866
0.2 0.18 1.32765
0.24 0.18 1.39321
0.28 0.18 1.37124
0.32 0.18 1.26311
0.36 0.18 1.07561
0.4 0.18 0.82053
0.44 0.18 0.513891
0.48 0.18 0.174961
0.52 0.18 -0.174961
0.56 0.18 -0.513891
0.6 0.18 -0.82053
0.64 0.18 -1.07561
0.68 0.18 -1.26311
0.72 0.18 -1.37124
0.76 0.18 -1.39321
0.8 0.18 -1.32765
0.84 0.18 -1.17866
0.88 0.18 -0.955607
0.92 0.18 -0.672513
0.96 0.18 -0.347163
1 0.18 1.0181e-15
1.04 0.18 0.347163
1.08 0.18 0.672513
1.12 0.18 0.955607
1.16 0.18 1.17866
1.2 0.18 1.32765
1.24 0.18 1.39321
1.28 0.18 1.37124
1.32 0.18 1.26311
1.36 0.18 1.07561
1.4 0.18 0.82053
1.44 0.18 0.513891
1.48 0.18 0.174961
1.52 0.18 -0.174961
1.56 0.18 -0.513891
1.6 0.18 -0.82053
1.64 0.18 -1.07561
1.68 0.18 -1.26311
1.72 0.18 -1.37124
1.76 0.18 -1.39321
1.8 0.18 -1.32765
1.84 0.18 -1.17866
1.88 0.18 -0.955607
1.92 0.18 -0.672513
1.96 0.18 -0.347163
2 0.18 0

0 0.2 0
0.04 0.2 0.403806
0.08 0.2 0.782239
0.12 0.2 1.11152
0.16 0.2 1.37096
0.2 0.2 1.54426
0.24 0.2 1.62053
0.28 0.2 1.59497
0.32 0.2 1.4692
0.36 0.2 1.25111
0.4 0.2 0.954405
0.44 0.2 0.597735
0.48 0.2 0.203507
0.52 0.2 -0.203507
0.56 0.2 -0.597735
0.6 0.2 -0.954405
0.64 0.2 -1.25111
0.68 0.2 -1.4692
0.72 0.2 -1.59497
0.76 0.2 -1.62053
0.8 0.2 -1.54426
0.84 0.2 -1.37096
0.88 0.2 -1.11152
0.92 0.2 -0.782239
0.96 0.2 -0.403806
1 0.2 1.1791e-15
1.04 0.2 0.403806
1.08 0.2 0.782239
1.12 0.2 1.11152
1.16 0.2 1.37096
1.2 0.2 1.54426
1.24 0.2 1.62053
1.28 0.2 1.59497
1.32 0.2 1.4692
1.36 0.2 1.25111
1.4 0.2 0.954405
1.44 0.2 0.597735
1.48 0.2 0.203507
1.52 0.2 -0.203507
1.56 0.2 -0.597735
1.6 0.2 -0.954405
1.64 0.2 -1.25111
1.68 0.2 -1.4692
1.72 0.2 -1.59497
1.76 0.2 -1.62053
1.8 0.2 -1.54426
1.84 0.2 -1.37096
1.88 0.2 -1.11152
1.92 0.2 -0.782239
1.96 0.2 -0.403806
2 0.2 0

0 0.22 0
0.04 0.22 0.466827
0.08 0.22 0.904322
0.12 0.22 1.28499
0.16 0.22 1.58493
0.2 0.22 1.78527
0.24 0.22 1.87344
0.28 0.22 1.8439
0.32 0.22 1.69849
0.36 0.22 1.44637
0.4 0.22 1.10336
0.44 0.22 0.691023
0.48 0.22 0.235269
0.52 0.22 -0.235269
0.56 0.22 -0.691023
0.6 0.22 -1.10336
0.64 0.22 -1.44637
0.68 0.22 -1.69849
0.72 0.22 -1.8439
0.76 0.22 -1.87344
0.8 0.22 -1.78527
0.84 0.22 -1.58493
0.88 0.22 -1.28499
0.92 0.22 -0.904322
0.96 0.22 -0.466827
1 0.22 1.34901e-15
1.04 0.22 0.466827
1.08 0.22 0.904322
1.12 0.22 1.28499
1.16 0.22 1.58493
1.2 0.22 1.78527
1.24 0.22 1.87344
1.28 0.22 1.8439
1.32 0.22 1.69849
1.36 0.22 1.44637
1.4 0.22 1.10336
1.44 0.22 0.691023
1.48 0.22 0.235269
1.52 0.22 -0.235269
1.56 0.22 -0.691023
1.6 0.22 -1.10336
1.64 0.22 -1.44637
1.68 0.22 -1.69849
1.72 0.22 -1.8439
1.76 0.22 -1.87344
1.8 0.22 -1.78527
1.84 0.22 -1.58493
1.88 0.22 -1.28499
1.92 0.22 -0.904322
1.96 0.22 -0.466827
2 0.22 0

0 0.24 0
0.04 0.24 0.537223
0.08 0.24 1.04069
0.12 0.24 1.47877
0.16 0.24 1.82393
0.2 0.24 2.05449
0.24 0.24 2.15595
0.28 0.24 2.12195
0.32 0.24 1.95462
0.36 0.24 1.66447
0.4 0.24 1.26974
0.44 0.24 0.795228
0.48 0.24 0.270747
0.52 0.24 -0.270747
0.56 0.24 -0.795228
0.6 0.24 -1.26974
0.64 0.24 -1.66447
0.68 0.24 -1.95462
0.72 0.24 -2.12195
0.76 0.24 -2.15595
0.8 0.24 -2.05449
0.84 0.24 -1.82393
0.88 0.24 -1.47877
0.92 0.24 -1.04069
0.96 0.24 -0.537223
1 0.24 1.54623e-15
1.04 0.24 0.537223
1.08 0.24 1.04069
1.12 0.24 1.47877
1.16 0.24 1.82393
1.2 0.24 2.05449
1.24 0.24 2.15595
1.28 0.24 2.12195
1.32 0.24 1.95462
1.36 0.24 1.66447
1.4 0.24 1.26974
1.44 0.24 0.795228
1.48 0.24 0.270747
1.52 0.24 -0.270747
1.56 0.24 -0.795228
1.6 0.24 -1.26974
1.64 0.24 -1.66447
1.68 0.24 -1.95462
1.72 0.24 -2.12195
1.76 0.24 -2.15595
1.8 0.24 -2.05449
1.84 0.24 -1.82393
1.88 0.24 -1.47877
1.92 0.24 -1.04069
1.96 0.24 -0.537223
2 0.24 0

0 0.26 0
0.04 0.26 0.616106
0.08 0.26 1.1935
0.12 0.26 1.6959
0.16 0.26 2.09174
0.2 0.26 2.35616
0.24 0.26 2.47252
0.28 0.26 2.43353
0.32 0.26 2.24163
0.36 0.26 1.90888
0.4 0.26 1.45618
0.44 0.26 0.911995
0.48 0.26 0.310502
0.52 0.26 -0.310502
0.56 0.26 -0.911995
0.6 0.26 -1.45618
0.64 0.26 -1.90888
0.68 0.26 -2.24163
0.72 0.26 -2.43353
0.76 0.26 -2.47252
0.8 0.26 -2.35616
0.84 0.26 -2.09174
0.88 0.26 -1.6959
0.92 0.26 -1.1935
0.96 0.26 -0.616106
1 0.26 1.76976e-15
1.04 0.26 0.616106
1.08 0.26 1.1935
1.12 0.26 1.6959
1.16 0.26 2.09174
1.2 0.26 2.35616
1.24 0.26 2.47252
1.28 0.26 2.43353
1.32 0.26 2.24163
1.36 0.26 1.90888
1.4 0.26 1.45618
1.44 0.26 0.911995
1.48 0.26 0.310502
1.52 0.26 -0.310502
1.56 0.26 -0.911995
1.6 0.26 -1.45618
1.64 0.26 -1.90888
1.68 0.26 -2.24163
1.72 0.26 -2.43353
1.76 0.26 -2.47252
1.8 0.26 -2.35616
1.84 0.26 -2.09174
1.88 0.26 -1.6959
1.92 0.26 -1.1935
1.96 0.26 -0.616106
2 0.26 0

0 0.28 0
0.04 0.28 0.704722
0.08 0.28 1.36516
0.12 0.28 1.93983
0.16 0.28 2.3926
0.2 0.28 2.69504
0.24 0.28 2.82814
0.28 0.28 2.78354
0.32 0.28 2.56404
0.36 0.28 2.18343
0.4 0.28 1.66563
0.44 0.28 1.04317
0.48 0.28 0.355161
0.52 0.28 -0.355161
0.56 0.28 -1.04317
0.6 0.28 -1.66563
0.64 0.28 -2.18343
0.68 0.28 -2.56404
0.72 0.28 -2.78354
0.76 0.28 -2.82814
0.8 0.28 -2.69504
0.84 0.28 -2.3926
0.88 0.28 -1.93983
0.92 0.28 -1.36516
0.96 0.28 -0.704722
1 0.28 2.01797e-15
1.04 0.28 0.704722
1.08 0.28 1.36516
1.12 0.28 1.93983
1.16 0.28 2.3926
1.2 0.28 2.69504
1.24 0.28 2.82814
1.28 0.28 2.78354
1.32 0.28 2.56404
1.36 0.28 2.18343
1.4 0.28 1.66563
1.44 0.28 1.04317
1.48 0.28 0.355161
1.52 0.28 -0.355161
1.56 0.28 -1.04317
1.6 0.28 -1.66563
1.64 0.28 -2.18343
1.68 0.28 -2.56404
1.72 0.28 -2.78354
1.76 0.28 -2.82814
1.8 0.28 -2.69504
1.84 0.28 -2.3926
1.88 0.28 -1.93983
1.92 0.28 -1.36516
1.96 0.28 -0.704722
2 0.28 0

0 0.3 0
0.04 0.3 0.804468
0.08 0.3 1.55839
0.12 0.3 2.21439
0.16 0.3 2.73125
0.2 0.3 3.0765
0.24 0.3 3.22844
0.28 0.3 3.17753
0.32 0.3 2.92696
0.36 0.3 2.49248
0.4 0.3 1.90138
0.44 0.3 1.19082
0.48 0.3 0.405431
0.52 0.3 -0.405431
0.56 0.3 -1.19082
0.6 0.3 -1.90138
0.64 0.3 -2.49248
0.68 0.3 -2.92696
0.72 0.3 -3.17753
0.76 0.3 -3.22844
0.8 0.3 -3.0765
0.84 0.3 -2.73125
0.88 0.3 -2.21439
0.92 0.3 -1.55839
0.96 0.3 -0.804468
1 0.3 2.30697e-15
1.04 0.3 0.804468
1.08 0.3 1.55839
1.12 0.3 2.21439
1.16 0.3 2.73125
1.2 0.3 3.0765
1.24 0.3 3.22844
1.28 0.3 3.17753
1.32 0.3 2.92696
1.36 0.3 2.49248
1.4 0.3 1.90138
1.44 0.3 1.19082
1.48 0.3 0.405431
1.52 0.3 -0.405431
1.56 0.3 -1.19082
1.6 0.3 -1.90138
1.64 0.3 -2.49248
1.68 0.3 -2.92696
1.72 0.3 -3.17753
1.76 0.3 -3.22844
1.8 0.3 -3.0765
1.84 0.3 -2.73125
1.88 0.3 -2.21439
1.92 0.3 -1.55839
1.96 0.3 -0.804468
2 0.3 0

0 0.32 0
0.04 0.32 0.916921
0.08 0.32 1.77623
0.12 0.32 2.52393
0.16 0.32 3.11304
0.2 0.32 3.50655
0.24 0.32 3.67973
0.28 0.32 3.6217
0.32 0.32 3.3361
0.36 0.32 2.84089
0.4 0.32 2.16717
0.44 0.32 1.35728
0.48 0.32 0.462105
0.52 0.32 -0.462105
0.56 0.32 -1.35728
0.6 0.32 -2.16717
0.64 0.32 -2.84089
0.68 0.32 -3.3361
0.72 0.32 -3.6217
0.76 0.32 -3.67973
0.8 0.32 -3.50655
0.84 0.32 -3.11304
0.88 0.32 -2.52393
0.92 0.32 -1.77623
0.96 0.32 -0.916921
1 0.32 2.60606e-15
1.04 0.32 0.916921
1.08 0.32 1.77623
1.12 0.32 2.52393
1.16 0.32 3.11304
1.2 0.32 3.50655
1.24 0.32 3.67973
1.28 0.32 3.6217
1.32 0.32 3.3361
1.36 0.32 2.84089
1.4 0.32 2.16717
1.44 0.32 1.35728
1.48 0.32 0.462105
1.52 0.32 -0.462105
1.56 0.32 -1.35728
1.6 0.32 -2.16717
1.64 0.32 -2.84089
1.68 0.32 -3.3361
1.72 0.32 -3.6217
1.76 0.32 -3.67973
1.8 0.32 -3.50655
1.84 0.32 -3.11304
1.88 0.32 -2.52393
1.92 0.32 -1.77623
1.96 0.32 -0.916921
2 0.32 0

0 0.34 0
0.04 0.34 1.04386
0.08 0.34 2.02212
0.12 0.34 2.87333
0.16 0.34 3.544
0.2 0.34 3.99199
0.24 0.34 4.18914
0.28 0.34 4.12307
0.32 0.34 3.79794
0.36 0.34 3.23417
0.4 0.34 2.46718
0.44 0.34 1.54517
0.48 0.34 0.526077
0.52 0.34 -0.526077
0.56 0.34 -1.54517
0.6 0.34 -2.46718
0.64 0.34 -3.23417
0.68 0.34 -3.79794
0.72 0.34 -4.12307
0.76 0.34 -4.18914
0.8 0.34 -3.99199
0.84 0.34 -3.544
0.88 0.34 -2.87333
0.92 0.34 -2.02212
0.96 0.34 -1.04386
1 0.34 2.9631e-15
1.04 0.34 1.04386
1.08 0.34 2.02212
1.12 0.34 2.87333
1.16 0.34 3.544
1.2 0.34 3.99199
1.24 0.34 4.18914
1.28 0.34 4.12307
1.32 0.34 3.79794
1.36 0.34 3.23417
1.4 0.34 2.46718
1.44 0.34 1.54517
1.48 0.34 0.526077
1.52 0.34 -0.526077
1.56 0.34 -1.54517
1.6 0.34 -2.46718
1.64 0.34 -3.23417
1.68 0.34 -3.79794
1.72 0.34 -4.12307
1.76 0.34 -4.18914
1.8 0.34 -3.99199
1.84 0.34 -3.544
1.88 0.34 -2.87333
1.92 0.34 -2.02212
1.96 0.34 -1.04386
2 0.34 0

0 0.36 0
0.04 0.36 1.18728
0.08 0.36 2.29995
0.12 0.36 3.26812
0.16 0.36 4.03093
0.2 0.36 4.54047
0.24 0.36 4.76471
0.28 0.36 4.68957
0.32 0.36 4.31976
0.36 0.36 3.67853
0.4 0.36 2.80616
0.44 0.36 1.75747
0.48 0.36 0.598357
0.52 0.36 -0.598357
0.56 0.36 -1.75747
0.6 0.36 -2.80616
0.64 0.36 -3.67853
0.68 0.36 -4.31976
0.72 0.36 -4.68957
0.76 0.36 -4.76471
0.8 0.36 -4.54047
0.84 0.36 -4.03093
0.88 0.36 -3.26812
0.92 0.36 -2.29995
0.96 0.36 -1.18728
1 0.36 3.2968e-15
1.04 0.36 1.18728
1.08 0.36 2.29995
1.12 0.36 3.26812
1.16 0.36 4.03093
1.2 0.36 4.54047
1.24 0.36 4.76471
1.28 0.36 4.68957
1.32 0.36 4.31976
1.36 0.36 3.67853
1.4 0.36 2.80616
1.44 0.36 1.75747
1.48 0.36 0.598357
1.52 0.36 -0.598357
1.56 0.36 -1.75747
1.6 0.36 -2.80616
1.64 0.36 -3.67853
1.68 0.36 -4.31976
1.72 0.36 -4.68957
1.76 0.36 -4.76471
1.8 0.36 -4.54047
1.84 0.36 -4.03093
1.88 0.36 -3.26812
1.92 0.36 -2.29995
1.96 0.36 -1.18728
2 0.36 0

0 0.38 0
0.04 0.38 1.34945
0.08 0.38 2.61411
0.12 0.38 3.71451
0.16 0.38 4.58152
0.2 0.38 5.16065
0.24 0.38 5.41552
0.28 0.38 5.33011
0.32 0.38 4.9098
0.36 0.38 4.18098
0.4 0.38 3.18946
0.44 0.38 1.99753
0.48 0.38 0.680087
0.52 0.38 -0.680087
0.56 0.38 -1.99753
0.6 0.38 -3.18946
0.64 0.38 -4.18098
0.68 0.38 -4.9098
0.72 0.38 -5.33011
0.76 0.38 -5.41552
0.8 0.38 -5.16065
0.84 0.38 -4.58152
0.88 0.38 -3.71451
0.92 0.38 -2.61411
0.96 0.38 -1.34945
1 0.38 3.67291e-15
1.04 0.38 1.34945
1.08 0.38 2.61411
1.12 0.38 3.71451
1.16 0.38 4.58152
1.2 0.38 5.16065
1.24 0.38 5.41552
1.28 0.38 5.33011
1.32 0.38 4.9098
1.36 0.38 4.18098
1.4 0.38 3.18946
1.44 0.38 1.99753
1.48 0.38 0.680087
1.52 0.38 -0.680087
1.56 0.38 -1.99753
1.6 0.38 -3.18946
1.64 0.38 -4.18098
1.68 0.38 -4.9098
1.72 0.38 -5.33011
1.76 0.38 -5.41552
1.8 0.38 -5.16065
1.84 0.38 -4.58152
1.88 0.38 -3.71451
1.92 0.38 -2.61411
1.96 0.38 -1.34945
2 0.38 0

0 0.4 0
0.04 0.4 1.53293
0.08 0.4 2.96954
0.12 0.4 4.21956
0.16 0.4 5.20445
0.2 0.4 5.86233
0.24 0.4 6.15185
0.28 0.4 6.05483
0.32 0.4 5.57737
0.36 0.4 4.74945
0.4 0.4 3.62312
0.44 0.4 2.26912
0.48 0.4 0.772556
0.52 0.4 -0.772556
0.56 0.4 -2.26912
0.6 0.4 -3.62312
0.64 0.4 -4.74945
0.68 0.4 -5.57737
0.72 0.4 -6.05483
0.76 0.4 -6.15185
0.8 0.4 -5.86233
0.84 0.4 -5.20445
0.88 0.4 -4.21956
0.92 0.4 -2.96954
0.96 0.4 -1.53293
1 0.4 4.02834e-15
1.04 0.4 1.53293
1.08 0.4 2.96954
1.12 0.4 4.21956
1.16 0.4 5.20445
1.2 0.4 5.86233
1.24 0.4 6.15185
1.28 0.4 6.05483
1.32 0.4 5.57737
1.36 0.4 4.74945
1.4 0.4 3.62312
1.44 0.4 2.26912
1.48 0.4 0.772556
1.52 0.4 -0.772556
1.56 0.4 -2.26912
1.6 0.4 -3.62312
1.64 0.4 -4.74945
1.68 0.4 -5.57737
1.72 0.4 -6.05483
1.76 0.4 -6.15185
1.8 0.4 -5.86233
1.84 0.4 -5.20445
1.88 0.4 -4.21956
1.92 0.4 -2.96954
1.96 0.4 -1.53293
2 0.4 0

0 0.42 0
0.04 0.42 1.74061
0.08 0.42 3.37186
0.12 0.42 4.79123
0.16 0.42 5.90956
0.2 0.42 6.65657
0.24 0.42 6.98532
0.28 0.42 6.87516
0.32 0.42 6.333
0.36 0.42 5.39292
0.4 0.42 4.11399
0.44 0.42 2.57655
0.48 0.42 0.877224
0.52 0.42 -0.877224
0.56 0.42 -2.57655
0.6 0.42 -4.11399
0.64 0.42 -5.39292
0.68 0.42 -6.333
0.72 0.42 -6.87516
0.76 0.42 -6.98532
0.8 0.42 -6.65657
0.84 0.42 -5.90956
0.88 0.42 -4.79123
0.92 0.42 -3.37186
0.96 0.42 -1.74061
1 0.42 4.45637e-15
1.04 0.42 1.74061
1.08 0.42 3.37186
1.12 0.42 4.79123
1.16 0.42 5.90956
1.2 0.42 6.65657
1.24 0.42 6.98532
1.28 0.42 6.87516
1.32 0.42 6.333
1.36 0.42 5.39292
1.4 0.42 4.11399
1.44 0.42 2.57655
1.48 0.42 0.877224
1.52 0.42 -0.877224
1.56 0.42 -2.57655
1.6 0.42 -4.11399
1.64 0.42 -5.39292
1.68 0.42 -6.333
1.72 0.42 -6.87516
1.76 0.42 -6.98532
1.8 0.42 -6.65657
1.84 0.42 -5.90956
1.88 0.42 -4.79123
1.92 0.42 -3.37186
1.96 0.42 -1.74061
2 0.42 0

0 0.44 0
0.04 0.44 1.97578
0.08 0.44 3.82741
0.12 0.44 5.43856
0.16 0.44 6.70798
0.2 0.44 7.55591
0.24 0.44 7.92908
0.28 0.44 7.80403
0.32 0.44 7.18863
0.36 0.44 6.12154
0.4 0.44 4.66981
0.44 0.44 2.92466
0.48 0.44 0.995742
0.52 0.44 -0.995742
0.56 0.44 -2.92466
0.6 0.44 -4.66981
0.64 0.44 -6.12154
0.68 0.44 -7.18863
0.72 0.44 -7.80403
0.76 0.44 -7.92908
0.8 0.44 -7.55591
0.84 0.44 -6.70798
0.88 0.44 -5.43856
0.92 0.44 -3.82741
0.96 0.44 -1.97578
1 0.44 4.81697e-15
1.04 0.44 1.97578
1.08 0.44 3.82741
1.12 0.44 5.43856
1.16 0.44 6.70798
1.2 0.44 7.55591
1.24 0.44 7.92908
1.28 0.44 7.80403
1.32 0.44 7.18863
1.36 0.44 6.12154
1.4 0.44 4.66981
1.44 0.44 2.92466
1.48 0.44 0.995742
1.52 0.44 -0.995742
1.56 0.44 -2.92466
1.6 0.44 -4.66981
1.64 0.44 -6.12154
1.68 0.44 -7.18863
1.72 0.44 -7.80403
1.76 0.44 -7.92908
1.8 0.44 -7.55591
1.84 0.44 -6.70798
1.88 0.44 -5.43856
1.92 0.44 -3.82741
1.96 0.44 -1.97578
2 0.44 0

0 0.46 0
0.04 0.46 2.24214
0.08 0.46 4.3434
0.12 0.46 6.17175
0.16 0.46 7.6123
0.2 0.46 8.57454
0.24 0.46 8.99802
0.28 0.46 8.85611
0.32 0.46 8.15775
0.36 0.46 6.9468
0.4 0.46 5.29936
0.44 0.46 3.31894
0.48 0.46 1.12998
0.52 0.46 -1.12998
0.56 0.46 -3.31894
0.6 0.46 -5.29936
0.64 0.46 -6.9468
0.68 0.46 -8.15775
0.72 0.46 -8.85611
0.76 0.46 -8.99802
0.8 0.46 -8.57454
0.84 0.46 -7.6123
0.88 0.46 -6.17175
0.92 0.46 -4.3434
0.96 0.46 -2.24214
1 0.46 5.36137e-15
1.04 0.46 2.24214
1.08 0.46 4.3434
1.12 0.46 6.17175
1.16 0.46 7.6123
1.2 0.46 8.57454
1.24 0.46 8.99802
1.28 0.46 8.85611
1.32 0.46 8.15775
1.36 0.46 6.9468
1.4 0.46 5.29936
1.44 0.46 3.31894
1.48 0.46 1.12998
1.52 0.46 -1.12998
1.56 0.46 -3.31894
1.6 0.46 -5.29936
1.64 0.46 -6.9468
1.68 0.46 -8.15775
1.72 0.46 -8.85611
1.76 0.46 -8.99802
1.8 0.46 -8.57454
1.84 0.46 -7.6123
1.88 0.46 -6.17175
1.92 0.46 -4.3434
1.96 0.46 -2.24214
2 0.46 0

0 0.48 0
0.04 0.48 2.5439
0.08 0.48 4.92795
0.12 0.48 7.00236
0.16 0.48 8.63679
0.2 0.48 9.72854
0.24 0.48 10.209
0.28 0.48 10.048
0.32 0.48 9.25565
0.36 0.48 7.88173
0.4 0.48 6.01257
0.44 0.48 3.76562
0.48 0.48 1.28206
0.52 0.48 -1.28206
0.56 0.48 -3.76562
0.6 0.48 -6.01257
0.64 0.48 -7.88173
0.68 0.48 -9.25565
0.72 0.48 -10.048
0.76 0.48 -10.209
0.8 0.48 -9.72854
0.84 0.48 -8.63679
0.88 0.48 -7.00236
0.92 0.48 -4.92795
0.96 0.48 -2.5439
1 0.48 5.934e-15
1.04 0.48 2.5439
1.08 0.48 4.92795
1.12 0.48 7.00236
1.16 0.48 8.63679
1.2 0.48 9.72854
1.24 0.48 10.209
1.28 0.48 10.048
1.32 0.48 9.25565
1.36 0.48 7.88173
1.4 0.48 6.01257
1.44 0.48 3.76562
1.48 0.48 1.28206
1.52 0.48 -1.28206
1.56 0.48 -3.76562
1.6 0.48 -6.01257
1.64 0.48 -7.88173
1.68 0.48 -9.25565
1.72 0.48 -10.048
1.76 0.48 -10.209
1.8 0.48 -9.72854
1.84 0.48 -8.63679
1.88 0.48 -7.00236
1.92 0.48 -4.92795
1.96 0.48 -2.5439
2 0.48 0

0 0.5 0
0.04 0.5 2.88581
0.08 0.5 5.59029
0.12 0.5 7.94351
0.16 0.5 9.79762
0.2 0.5 11.0361
0.24 0.5 11.5811
0.28 0.5 11.3985
0.32 0.5 10.4997
0.36 0.5 8.94107
0.4 0.5 6.82069
0.44 0.5 4.27173
0.48 0.5 1.45437
0.52 0.5 -1.45437
0.56 0.5 -4.27173
0.6 0.5 -6.82069
0.64 0.5 -8.94107
0.68 0.5 -10.4997
0.72 0.5 -11.3985
0.76 0.5 -11.5811
0.8 0.5 -11.0361
0.84 0.5 -9.79762
0.88 0.5 -7.94351
0.92 0.5 -5.59029
0.96 0.5 -2.88581
1 0.5 6.68837e-15
1.04 0.5 2.88581
1.08 0.5 5.59029
1.12 0.5 7.94351
1.16 0.5 9.79762
1.2 0.5 11.0361
1.24 0.5 11.5811
1.28 0.5 11.3985
1.32 0.5 10.4997
1.36 0.5 8.94107
1.4 0.5 6.82069
1.44 0.5 4.27173
1.48 0.5 1.45437
1.52 0.5 -1.45437
1.56 0.5 -4.27173
1.6 0.5 -6.82069
1.64 0.5 -8.94107
1.68 0.5 -10.4997
1.72 0.5 -11.3985
1.76 0.5 -11.5811
1.8 0.5 -11.0361
1.84 0.5 -9.79762
1.88 0.5 -7.94351
1.92 0.5 -5.59029
1.96 0.5 -2.88581
2 0.5 0

0 0.52 0
0.04 0.52 3.27327
0.08 0.52 6.34087
0.12 0.52 9.01004
0.16 0.52 11.1131
0.2 0.52 12.5179
0.24 0.52 13.1361
0.28 0.52 12.9289
0.32 0.52 11.9094
0.36 0.52 10.1415
0.4 0.52 7.73646
0.44 0.52 4.84527
0.48 0.52 1.64964
0.52 0.52 -1.64964
0.56 0.52 -4.84527
0.6 0.52 -7.73646
0.64 0.52 -10.1415
0.68 0.52 -11.9094
0.72 0.52 -12.9289
0.76 0.52 -13.1361
0.8 0.52 -12.5179
0.84 0.52 -11.1131
0.88 0.52 -9.01004
0.92 0.52 -6.34087
0.96 0.52 -3.27327
1 0.52 7.38467e-15
1.04 0.52 3.27327
1.08 0.52 6.34087
1.12 0.52 9.01004
1.16 0.52 11.1131
1.2 0.52 12.5179
1.24 0.52 13.1361
1.28 0.52 12.9289
1.32 0.52 11.9094
1.36 0.52 10.1415
1.4 0.52 7.73646
1.44 0.52 4.84527
1.48 0.52 1.64964
1.52 0.52 -1.64964
1.56 0.52 -4.84527
1.6 0.52 -7.73646
1.64 0.52 -10.1415
1.68 0.52 -11.9094
1.72 0.52 -12.9289
1.76 0.52 -13.1361
1.8 0.52 -12.5179
1.84 0.52 -11.1131
1.88 0.52 -9.01004
1.92 0.52 -6.34087
1.96 0.52 -3.27327
2 0.52 0

0 0.54 0
0.04 0.54 3.71239
0.08 0.54 7.19151
0.12 0.54 10.2188
0.16 0.54 12.6039
0.2 0.54 14.1972
0.24 0.54 14.8983
0.28 0.54 14.6634
0.32 0.54 13.5071
0.36 0.54 11.5021
0.4 0.54 8.77433
0.44 0.54 5.49528
0.48 0.54 1.87095
0.52 0.54 -1.87095
0.56 0.54 -5.49528
0.6 0.54 -8.77433
0.64 0.54 -11.5021
0.68 0.54 -13.5071
0.72 0.54 -14.6634
0.76 0.54 -14.8983
0.8 0.54 -14.1972
0.84 0.54 -12.6039
0.88 0.54 -10.2188
0.92 0.54 -7.19151
0.96 0.54 -3.71239
1 0.54 8.20415e-15
1.04 0.54 3.71239
1.08 0.54 7.19151
1.12 0.54 10.2188
1.16 0.54 12.6039
1.2 0.54 14.1972
1.24 0.54 14.8983
1.28 0.54 14.6634
1.32 0.54 13.5071
1.36 0.54 11.5021
1.4 0.54 8.77433
1.44 0.54 5.49528
1.48 0.54 1.87095
1.52 0.54 -1.87095
1.56 0.54 -5.49528
1.6 0.54 -8.77433
1.64 0.54 -11.5021
1.68 0.54 -13.5071
1.72 0.54 -14.6634
1.76 0.54 -14.8983
1.8 0.54 -14.1972
1.84 0.54 -12.6039
1.88 0.54 -10.2188
1.92 0.54 -7.19151
1.96 0.54 -3.71239
2 0.54 0

0 0.56 0
0.04 0.56 4.21009
0.08 0.56 8.15565
0.12 0.56 11.5888
0.16 0.56 14.2937
0.2 0.56 16.1005
0.24 0.56 16.8957
0.28 0.56 16.6292
0.32 0.56 15.3179
0.36 0.56 13.0441
0.4 0.56 9.95066
0.44 0.56 6.23201
0.48 0.56 2.12178
0.52 0.56 -2.12178
0.56 0.56 -6.23201
0.6 0.56 -9.95066
0.64 0.56 -13.0441
0.68 0.56 -15.3179
0.72 0.56 -16.6292
0.76 0.56 -16.8957
0.8 0.56 -16.1005
0.84 0.56 -14.2937
0.88 0.56 -11.5888
0.92 0.56 -8.15565
0.96 0.56 -4.21009
1 0.56 8.72298e-15
1.04 0.56 4.21009
1.08 0.56 8.15565
1.12 0.56 11.5888
1.16 0.56 14.2937
1.2 0.56 16.1005
1.24 0.56 16.8957
1.28 0.56 16.6292
1.32 0.56 15.3179
1.36 0.56 13.0441
1.4 0.56 9.95066
1.44 0.56 6.23201
1.48 0.56 2.12178
1.52 0.56 -2.12178
1.56 0.56 -6.23201
1.6 0.56 -9.95066
1.64 0.56 -13.0441
1.68 0.56 -15.3179
1.72 0.56 -16.6292
1.76 0.56 -16.8957
1.8 0.56 -16.1005
1.84 0.56 -14.2937
1.88 0.56 -11.5888
1.92 0.56 -8.15565
1.96 0.56 -4.21009
2 0.56 0

0 0.58 0
0.04 0.58 4.77423
0.08 0.58 9.24847
0.12 0.58 13.1416
0.16 0.58 16.209
0.2 0.58 18.2579
0.24 0.58 19.1596
0.28 0.58 18.8575
0.32 0.58 17.3704
0.36 0.58 14.7919
0.4 0.58 11.284
0.44 0.58 7.06707
0.48 0.58 2.40609
0.52 0.58 -2.40609
0.56 0.58 -7.06707
0.6 0.58 -11.284
0.64 0.58 -14.7919
0.68 0.58 -17.3704
0.72 0.58 -18.8575
0.76 0.58 -19.1596
0.8 0.58 -18.2579
0.84 0.58 -16.209
0.88 0.58 -13.1416
0.92 0.58 -9.24847
0.96 0.58 -4.77423
1 0.58 9.57306e-15
1.04 0.58 4.77423
1.08 0.58 9.24847
1.12 0.58 13.1416
1.16 0.58 16.209
1.2 0.58 18.2579
1.24 0.58 19.1596
1.28 0.58 18.8575
1.32 0.58 17.3704
1.36 0.58 14.7919
1.4 0.58 11.284
1.44 0.58 7.06707
1.48 0.58 2.40609
1.52 0.58 -2.40609
1.56 0.58 -7.06707
1.6 0.58 -11.284
1.64 0.58 -14.7919
1.68 0.58 -17.3704
1.72 0.58 -18.8575
1.76 0.58 -19.1596
1.8 0.58 -18.2579
1.84 0.58 -16.209
1.88 0.58 -13.1416
1.92 0.58 -9.24847
1.96 0.58 -4.77423
2 0.58 0

0 0.6 0
0.04 0.6 5.41368
0.08 0.6 10.4872
0.12 0.6 14.9018
0.16 0.6 18.38
0.2 0.6 20.7034
0.24 0.6 21.7259
0.28 0.6 21.3832
0.32 0.6 19.697
0.36 0.6 16.7732
0.4 0.6 12.7954
0.44 0.6 8.01363
0.48 0.6 2.72836
0.52 0.6 -2.72836
0.56 0.6 -8.01363
0.6 0.6 -12.7954
0.64 0.6 -16.7732
0.68 0.6 -19.697
0.72 0.6 -21.3832
0.76 0.6 -21.7259
0.8 0.6 -20.7034
0.84 0.6 -18.38
0.88 0.6 -14.9018
0.92 0.6 -10.4872
0.96 0.6 -5.41368
1 0.6 1.0393e-14
1.04 0.6 5.41368
1.08 0.6 10.4872
1.12 0.6 14.9018
1.16 0.6 18.38
1.2 0.6 20.7034
1.24 0.6 21.7259
1.28 0.6 21.3832
1.32 0.6 19.697
1.36 0.6 16.7732
1.4 0.6 12.7954
1.44 0.6 8.01363
1.48 0.6 2.72836
1.52 0.6 -2.72836
1.56 0.6 -8.01363
1.6 0.6 -12.7954
1.64 0.6 -16.7732
1.68 0.6 -19.697
1.72 0.6 -21.3832
1.76 0.6 -21.7259
1.8 0.6 -20.7034
1.84 0.6 -18.38
1.88 0.6 -14.9018
1.92 0.6 -10.4872
1.96 0.6 -5.41368
2 0.6 0

0 0.62 0
0.04 0.62 6.13854
0.08 0.62 11.8914
0.12 0.62 16.897
0.16 0.62 20.841
0.2 0.62 23.4754
0.24 0.62 24.6348
0.28 0.62 24.2463
0.32 0.62 22.3343
0.36 0.62 19.019
0.4 0.62 14.5086
0.44 0.62 9.08661
0.48 0.62 3.09367
0.52 0.62 -3.09367
0.56 0.62 -9.08661
0.6 0.62 -14.5086
0.64 0.62 -19.019
0.68 0.62 -22.3343
0.72 0.62 -24.2463
0.76 0.62 -24.6348
0.8 0.62 -23.4754
0.84 0.62 -20.841
0.88 0.62 -16.897
0.92 0.62 -11.8914
0.96 0.62 -6.13854
1 0.62 1.19124e-14
1.04 0.62 6.13854
1.08 0.62 11.8914
1.12 0.62 16.897
1.16 0.62 20.841
1.2 0.62 23.4754
1.24 0.62 24.6348
1.28 0.62 24.2463
1.32 0.62 22.3343
1.36 0.62 19.019
1.4 0.62 14.5086
1.44 0.62 9.08661
1.48 0.62 3.09367
1.52 0.62 -3.09367
1.56 0.62 -9.08661
1.6 0.62 -14.5086
1.64 0.62 -19.019
1.68 0.62 -22.3343
1.72 0.62 -24.2463
1.76 0.62 -24.6348
1.8 0.62 -23.4754
1.84 0.62 -20.841
1.88 0.62 -16.897
1.92 0.62 -11.8914
1.96 0.62 -6.13854
2 0.62 0

0 0.64 0
0.04 0.64 6.96023
0.08 0.64 13.4831
0.12 0.64 19.1588
0.16 0.64 23.6307
0.2 0.64 26.6178
0.24 0.64 27.9324
0.28 0.64 27.4918
0.32 0.64 25.3239
0.36 0.64 21.5648
0.4 0.64 16.4507
0.44 0.64 10.3029
0.48 0.64 3.50777
0.52 0.64 -3.50777
0.56 0.64 -10.3029
0.6 0.64 -16.4507
0.64 0.64 -21.5648
0.68 0.64 -25.3239
0.72 0.64 -27.4918
0.76 0.64 -27.9324
0.8 0.64 -26.6178
0.84 0.64 -23.6307
0.88 0.64 -19.1588
0.92 0.64 -13.4831
0.96 0.64 -6.96023
1 0.64 1.36329e-14
1.04 0.64 6.96023
1.08 0.64 13.4831
1.12 0.64 19.1588
1.16 0.64 23.6307
1.2 0.64 26.6178
1.24 0.64 27.9324
1.28 0.64 27.4918
1.32 0.64 25.3239
1.36 0.64 21.5648
1.4 0.64 16.4507
1.44 0.64 10.3029
1.48 0.64 3.50777
1.52 0.64 -3.50777
1.56 0.64 -10.3029
1.6 0.64 -16.4507
1.64 0.64 -21.5648
1.68 0.64 -25.3239
1.72 0.64 -27.4918
1.76 0.64 -27.9324
1.8 0.64 -26.6178
1.84 0.64 -23.6307
1.88 0.64 -19.1588
1.92 0.64 -13.4831
1.96 0.64 -6.96023
2 0.64 0

0 0.66 0
0.04 0.66 7.89169
0.08 0.66 15.2875
0.12 0.66 21.7228
0.16 0.66 26.7931
0.2 0.66 30.1799
0.24 0.66 31.6704
0.28 0.66 31.171
0.32 0.66 28.7129
0.36 0.66 24.4507
0.4 0.66 18.6522
0.44 0.66 11.6817
0.48 0.66 3.9772
0.52 0.66 -3.9772
0.56 0.66 -11.6817
0.6 0.66 -18.6522
0.64 0.66 -24.4507
0.68 0.66 -28.7129
0.72 0.66 -31.171
0.76 0.66 -31.6704
0.8 0.66 -30.1799
0.84 0.66 -26.7931
0.88 0.66 -21.7228
0.92 0.66 -15.2875
0.96 0.66 -7.89169
1 0.66 1.61068e-14
1.04 0.66 7.89169
1.08 0.66 15.2875
1.12 0.66 21.7228
1.16 0.66 26.7931
1.2 0.66 30.1799
1.24 0.66 31.6704
1.28 0.66 31.171
1.32 0.66 28.7129
1.36 0.66 24.4507
1.4 0.66 18.6522
1.44 0.66 11.6817
1.48 0.66 3.9772
1.52 0.66 -3.9772
1.56 0.66 -11.6817
1.6 0.66 -18.6522
1.64 0.66 -24.4507
1.68 0.66 -28.7129
1.72 0.66 -31.171
1.76 0.66 -31.6704
1.8 0.66 -30.1799
1.84 0.66 -26.7931
1.88 0.66 -21.7228
1.92 0.66 -15.2875
1.96 0.66 -7.89169
2 0.66 0

0 0.68 0
0.04 0.68 8.94759
0.08 0.68 17.333
0.12 0.68 24.6293
0.16 0.68 30.378
0.2 0.68 34.218
0.24 0.68 35.9079
0.28 0.68 35.3416
0.32 0.68 32.5547
0.36 0.68 27.7222
0.4 0.68 21.1479
0.44 0.68 13.2447
0.48 0.68 4.50935
0.52 0.68 -4.50935
0.56 0.68 -13.2447
0.6 0.68 -21.1479
0.64 0.68 -27.7222
0.68 0.68 -32.5547
0.72 0.68 -35.3416
0.76 0.68 -35.9079
0.8 0.68 -34.218
0.84 0.68 -30.378
0.88 0.68 -24.6293
0.92 0.68 -17.333
0.96 0.68 -8.94759
1 0.68 1.87174e-14
1.04 0.68 8.94759
1.08 0.68 17.333
1.12 0.68 24.6293
1.16 0.68 30.378
1.2 0.68 34.218
1.24 0.68 35.9079
1.28 0.68 35.3416
1.32 0.68 32.5547
1.36 0.68 27.7222
1.4 0.68 21.1479
1.44 0.68 13.2447
1.48 0.68 4.50935
1.52 0.68 -4.50935
1.56 0.68 -13.2447
1.6 0.68 -21.1479
1.64 0.68 -27.7222
1.68 0.68 -32.5547
1.72 0.68 -35.3416
1.76 0.68 -35.9079
1.8 0.68 -34.218
1.84 0.68 -30.378
1.88 0.68 -24.6293
1.92 0.68 -17.333
1.96 0.68 -8.94759
2 0.68 0

0 0.7 0
0.04 0.7 10.1446
0.08 0.7 19.6517
0.12 0.7 27.9241
0.16 0.7 34.4419
0.2 0.7 38.7955
0.24 0.7 40.7115
0.28 0.7 40.0695
0.32 0.7 36.9097
0.36 0.7 31.4308
0.4 0.7 23.977
0.44 0.7 15.0166
0.48 0.7 5.1126
0.52 0.7 -5.1126
0.56 0.7 -15.0166
0.6 0.7 -23.977
0.64 0.7 -31.4308
0.68 0.7 -36.9097
0.72 0.7 -40.0695
0.76 0.7 -40.7115
0.8 0.7 -38.7955
0.84 0.7 -34.4419
0.88 0.7 -27.9241
0.92 0.7 -19.6517
0.96 0.7 -10.1446
1 0.7 2.12922e-14
1.04 0.7 10.1446
1.08 0.7 19.6517
1.12 0.7 27.9241
1.16 0.7 34.4419
1.2 0.7 38.7955
1.24 0.7 40.7115
1.28 0.7 40.0695
1.32 0.7 36.9097
1.36 0.7 31.4308
1.4 0.7 23.977
1.44 0.7 15.0166
1.48 0.7 5.1126
1.52 0.7 -5.1126
1.56 0.7 -15.0166
1.6 0.7 -23.977
1.64 0.7 -31.4308
1.68 0.7 -36.9097
1.72 0.7 -40.0695
1.76 0.7 -40.7115
1.8 0.7 -38.7955
1.84 0.7 -34.4419
1.88 0.7 -27.9241
1.92 0.7 -19.6517
1.96 0.7 -10.1446
2 0.7 0

0 0.72 0
0.04 0.72 11.5015
0.08 0.72 22.2803
0.12 0.72 31.6591
0.16 0.72 39.0487
0.2 0.72 43.9847
0.24 0.72 46.157
0.28 0.72 45.4291
0.32 0.72 41.8467
0.36 0.72 35.6349
0.4 0.72 27.184
0.44 0.72 17.0251
0.48 0.72 5.79644
0.52 0.72 -5.79644
0.56 0.72 -17.0251
0.6 0.72 -27.184
0.64 0.72 -35.6349
0.68 0.72 -41.8467
0.72 0.72 -45.4291
0.76 0.72 -46.157
0.8 0.72 -43.9847
0.84 0.72 -39.0487
0.88 0.72 -31.6591
0.92 0.72 -22.2803
0.96 0.72 -11.5015
1 0.72 2.3538e-14
1.04 0.72 11.5015
1.08 0.72 22.2803
1.12 0.72 31.6591
1.16 0.72 39.0487
1.2 0.72 43.9847
1.24 0.72 46.157
1.28 0.72 45.4291
1.32 0.72 41.8467
1.36 0.72 35.6349
1.4 0.72 27.184
1.44 0.72 17.0251
1.48 0.72 5.79644
1.52 0.72 -5.79644
1.56 0.72 -17.0251
1.6 0.72 -27.184
1.64 0.72 -35.6349
1.68 0.72 -41.8467
1.72 0.72 -45.4291
1.76 0.72 -46.157
1.8 0.72 -43.9847
1.84 0.72 -39.0487
1.88 0.72 -31.6591
1.92 0.72 -22.2803
1.96 0.72 -11.5015
2 0.72 0

0 0.74 0
0.04 0.74 13.0397
0.08 0.74 25.26
0.12 0.74 35.8931
0.16 0.74 44.271
0.2 0.74 49.8671
0.24 0.74 52.3299
0.28 0.74 51.5047
0.32 0.74 47.4432
0.36 0.74 40.4006
0.4 0.74 30.8196
0.44 0.74 19.302
0.48 0.74 6.57165
0.52 0.74 -6.57165
0.56 0.74 -19.302
0.6 0.74 -30.8196
0.64 0.74 -40.4006
0.68 0.74 -47.4432
0.72 0.74 -51.5047
0.76 0.74 -52.3299
0.8 0.74 -49.8671
0.84 0.74 -44.271
0.88 0.74 -35.8931
0.92 0.74 -25.26
0.96 0.74 -13.0397
1 0.74 2.6354e-14
1.04 0.74 13.0397
1.08 0.74 25.26
1.12 0.74 35.8931
1.16 0.74 44.271
1.2 0.74 49.8671
1.24 0.74 52.3299
1.28 0.74 51.5047
1.32 0.74 47.4432
1.36 0.74 40.4006
1.4 0.74 30.8196
1.44 0.74 19.302
1.48 0.74 6.57165
1.52 0.74 -6.57165
1.56 0.74 -19.302
1.6 0.74 -30.8196
1.64 0.74 -40.4006
1.68 0.74 -47.4432
1.72 0.74 -51.5047
1.76 0.74 -52.3299
1.8 0.74 -49.8671
1.84 0.74 -44.271
1.88 0.74 -35.8931
1.92 0.74 -25.26
1.96 0.74 -13.0397
2 0.74 0

0 0.76 0
0.04 0.76 14.7833
0.08 0.76 28.6378
0.12 0.76 40.6928
0.16 0.76 50.191
0.2 0.76 56.5354
0.24 0.76 59.3276
0.28 0.76 58.392
0.32 0.76 53.7873
0.36 0.76 45.8031
0.4 0.76 34.9408
0.44 0.76 21.8831
0.48 0.76 7.45042
0.52 0.76 -7.45042
0.56 0.76 -21.8831
0.6 0.76 -34.9408
0.64 0.76 -45.8031
0.68 0.76 -53.7873
0.72 0.76 -58.392
0.76 0.76 -59.3276
0.8 0.76 -56.5354
0.84 0.76 -50.191
0.88 0.76 -40.6928
0.92 0.76 -28.6378
0.96 0.76 -14.7833
1 0.76 2.9797e-14
1.04 0.76 14.7833
1.08 0.76 28.6378
1.12 0.76 40.6928
1.16 0.76 50.191
1.2 0.76 56.5354
1.24 0.76 59.3276
1.28 0.76 58.392
1.32 0.76 53.7873
1.36 0.76 45.8031
1.4 0.76 34.9408
1.44 0.76 21.8831
1.48 0.76 7.45042
1.52 0.76 -7.45042
1.56 0.76 -21.8831
1.6 0.76 -34.9408
1.64 0.76 -45.8031
1.68 0.76 -53.7873
1.72 0.76 -58.392
1.76 0.76 -59.3276
1.8 0.76 -56.5354
1.84 0.76 -50.191
1.88 0.76 -40.6928
1.92 0.76 -28.6378
1.96 0.76 -14.7833
2 0.76 0

0 0.78 0
0.04 0.78 16.76
0.08 0.78 32.4668
0.12 0.78 46.1337
0.16 0.78 56.9018
0.2 0.78 64.0946
0.24 0.78 67.26
0.28 0.78 66.1993
0.32 0.78 60.979
0.36 0.78 51.9272
0.4 0.78 39.6126
0.44 0.78 24.809
0.48 0.78 8.44658
0.52 0.78 -8.44658
0.56 0.78 -24.809
0.6 0.78 -39.6126
0.64 0.78 -51.9272
0.68 0.78 -60.979
0.72 0.78 -66.1993
0.76 0.78 -67.26
0.8 0.78 -64.0946
0.84 0.78 -56.9018
0.88 0.78 -46.1337
0.92 0.78 -32.4668
0.96 0.78 -16.76
1 0.78 3.3352e-14
1.04 0.78 16.76
1.08 0.78 32.4668
1.12 0.78 46.1337
1.16 0.78 56.9018
1.2 0.78 64.0946
1.24 0.78 67.26
1.28 0.78 66.1993
1.32 0.78 60.979
1.36 0.78 51.9272
1.4 0.78 39.6126
1.44 0.78 24.809
1.48 0.78 8.44658
1.52 0.78 -8.44658
1.56 0.78 -24.809
1.6 0.78 -39.6126
1.64 0.78 -51.9272
1.68 0.78 -60.979
1.72 0.78 -66.1993
1.76 0.78 -67.26
1.8 0.78 -64.0946
1.84 0.78 -56.9018
1.88 0.78 -46.1337
1.92 0.78 -32.4668
1.96 0.78 -16.76
2 0.78 0

0 0.8 0
0.04 0.8 19.0006
0.08 0.8 36.8073
0.12 0.8 52.3013
0.16 0.8 64.509
0.2 0.8 72.6634
0.24 0.8 76.252
0.28 0.8 75.0495
0.32 0.8 69.1313
0.36 0.8 58.8694
0.4 0.8 44.9084
0.44 0.8 28.1257
0.48 0.8 9.57581
0.52 0.8 -9.57581
0.56 0.8 -28.1257
0.6 0.8 -44.9084
0.64 0.8 -58.8694
0.68 0.8 -69.1313
0.72 0.8 -75.0495
0.76 0.8 -76.252
0.8 0.8 -72.6634
0.84 0.8 -64.509
0.88 0.8 -52.3013
0.92 0.8 -36.8073
0.96 0.8 -19.0006
1 0.8 3.73794e-14
1.04 0.8 19.0006
1.08 0.8 36.8073
1.12 0.8 52.3013
1.16 0.8 64.509
1.2 0.8 72.6634
1.24 0.8 76.252
1.28 0.8 75.0495
1.32 0.8 69.1313
1.36 0.8 58.8694
1.4 0.8 44.9084
1.44 0.8 28.1257
1.48 0.8 9.57581
1.52 0.8 -9.57581
1.56 0.8 -28.1257
1.6 0.8 -44.9084
1.64 0.8 -58.8694
1.68 0.8 -69.1313
1.72 0.8 -75.0495
1.76 0.8 -76.252
1.8 0.8 -72.6634
1.84 0.8 -64.509
1.88 0.8 -52.3013
1.92 0.8 -36.8073
1.96 0.8 -19.0006
2 0.8 0

0 0.82 0
0.04 0.82 21.5405
0.08 0.82 41.7276
0.12 0.82 59.2927
0.16 0.82 73.1323
0.2 0.82 82.3767
0.24 0.82 86.4451
0.28 0.82 85.0818
0.32 0.82 78.3725
0.36 0.82 66.7388
0.4 0.82 50.9116
0.44 0.82 31.8855
0.48 0.82 10.8559
0.52 0.82 -10.8559
0.56 0.82 -31.8855
0.6 0.82 -50.9116
0.64 0.82 -66.7388
0.68 0.82 -78.3725
0.72 0.82 -85.0818
0.76 0.82 -86.4451
0.8 0.82 -82.3767
0.84 0.82 -73.1323
0.88 0.82 -59.2927
0.92 0.82 -41.7276
0.96 0.82 -21.5405
1 0.82 4.21493e-14
1.04 0.82 21.5405
1.08 0.82 41.7276
1.12 0.82 59.2927
1.16 0.82 73.1323
1.2 0.82 82.3767
1.24 0.82 86.4451
1.28 0.82 85.0818
1.32 0.82 78.3725
1.36 0.82 66.7388
1.4 0.82 50.9116
1.44 0.82 31.8855
1.48 0.82 10.8559
1.52 0.82 -10.8559
1.56 0.82 -31.8855
1.6 0.82 -50.9116
1.64 0.82 -66.7388
1.68 0.82 -78.3725
1.72 0.82 -85.0818
1.76 0.82 -86.4451
1.8 0.82 -82.3767
1.84 0.82 -73.1323
1.88 0.82 -59.2927
1.92 0.82 -41.7276
1.96 0.82 -21.5405
2 0.82 0

0 0.84 0
0.04 0.84 24.4196
0.08 0.84 47.3049
0.12 0.84 67.2178
0.16 0.84 82.9072
0.2 0.84 93.3872
0.24 0.84 97.9993
0.28 0.84 96.4538
0.32 0.84 88.8478
0.36 0.84 75.6591
0.4 0.84 57.7164
0.44 0.84 36.1473
0.48 0.84 12.3069
0.52 0.84 -12.3069
0.56 0.84 -36.1473
0.6 0.84 -57.7164
0.64 0.84 -75.6591
0.68 0.84 -88.8478
0.72 0.84 -96.4538
0.76 0.84 -97.9993
0.8 0.84 -93.3872
0.84 0.84 -82.9072
0.88 0.84 -67.2178
0.92 0.84 -47.3049
0.96 0.84 -24.4196
1 0.84 4.61125e-14
1.04 0.84 24.4196
1.08 0.84 47.3049
1.12 0.84 67.2178
1.16 0.84 82.9072
1.2 0.84 93.3872
1.24 0.84 97.9993
1.28 0.84 96.4538
1.32 0.84 88.8478
1.36 0.84 75.6591
1.4 0.84 57.7164
1.44 0.84 36.1473
1.48 0.84 12.3069
1.52 0.84 -12.3069
1.56 0.84 -36.1473
1.6 0.84 -57.7164
1.64 0.84 -75.6591
1.68 0.84 -88.8478
1.72 0.84 -96.4538
1.76 0.84 -97.9993
1.8 0.84 -93.3872
1.84 0.84 -82.9072
1.88 0.84 -67.2178
1.92 0.84 -47.3049
1.96 0.84 -24.4196
2 0.84 0

0 0.86 0
0.04 0.86 27.6832
0.08 0.86 53.627
0.12 0.86 76.2011
0.16 0.86 93.9873
0.2 0.86 105.868
0.24 0.86 111.096
0.28 0.86 109.344
0.32 0.86 100.722
0.36 0.86 85.7705
0.4 0.86 65.43
0.44 0.86 40.9782
0.48 0.86 13.9516
0.52 0.86 -13.9516
0.56 0.86 -40.9782
0.6 0.86 -65.43
0.64 0.86 -85.7705
0.68 0.86 -100.722
0.72 0.86 -109.344
0.76 0.86 -111.096
0.8 0.86 -105.868
0.84 0.86 -93.9873
0.88 0.86 -76.2011
0.92 0.86 -53.627
0.96 0.86 -27.6832
1 0.86 5.06605e-14
1.04 0.86 27.6832
1.08 0.86 53.627
1.12 0.86 76.2011
1.16 0.86 93.9873
1.2 0.86 105.868
1.24 0.86 111.096
1.28 0.86 109.344
1.32 0.86 100.722
1.36 0.86 85.7705
1.4 0.86 65.43
1.44 0.86 40.9782
1.48 0.86 13.9516
1.52 0.86 -13.9516
1.56 0.86 -40.9782
1.6 0.86 -65.43
1.64 0.86 -85.7705
1.68 0.86 -100.722
1.72 0.86 -109.344
1.76 0.86 -111.096
1.8 0.86 -105.868
1.84 0.86 -93.9873
1.88 0.86 -76.2011
1.92 0.86 -53.627
1.96 0.86 -27.6832
2 0.86 0

0 0.88 0
0.04 0.88 31.3825
0.08 0.88 60.7931
0.12 0.88 86.3839
0.16 0.88 106.547
0.2 0.88 120.015
0.24 0.88 125.942
0.28 0.88 123.956
0.32 0.88 114.181
0.36 0.88 97.2321
0.4 0.88 74.1734
0.44 0.88 46.4541
0.48 0.88 15.816
0.52 0.88 -15.816
0.56 0.88 -46.4541
0.6 0.88 -74.1734
0.64 0.88 -97.2321
0.68 0.88 -114.181
0.72 0.88 -123.956
0.76 0.88 -125.942
0.8 0.88 -120.015
0.84 0.88 -106.547
0.88 0.88 -86.3839
0.92 0.88 -60.7931
0.96 0.88 -31.3825
1 0.88 5.36953e-14
1.04 0.88 31.3825
1.08 0.88 60.7931
1.12 0.88 86.3839
1.16 0.88 106.547
1.2 0.88 120.015
1.24 0.88 125.942
1.28 0.88 123.956
1.32 0.88 114.181
1.36 0.88 97.2321
1.4 0.88 74.1734
1.44 0.88 46.4541
1.48 0.88 15.816
1.52 0.88 -15.816
1.56 0.88 -46.4541
1.6 0.88 -74.1734
1.64 0.88 -97.2321
1.68 0.88 -114.181
1.72 0.88 -123.956
1.76 0.88 -125.942
1.8 0.88 -120.015
1.84 0.88 -106.547
1.88 0.88 -86.3839
1.92 0.88 -60.7931
1.96 0.88 -31.3825
2 0.88 0

0 0.9 0
0.04 0.9 35.5756
0.08 0.9 68.9159
0.12 0.9 97.926
0.16 0.9 120.783
0.2 0.9 136.051
0.24 0.9 142.77
0.28 0.9 140.518
0.32 0.9 129.437
0.36 0.9 110.224
0.4 0.9 84.084
0.44 0.9 52.661
0.48 0.9 17.9292
0.52 0.9 -17.9292
0.56 0.9 -52.661
0.6 0.9 -84.084
0.64 0.9 -110.224
0.68 0.9 -129.437
0.72 0.9 -140.518
0.76 0.9 -142.77
0.8 0.9 -136.051
0.84 0.9 -120.783
0.88 0.9 -97.926
0.92 0.9 -68.9159
0.96 0.9 -35.5756
1 0.9 5.91653e-14
1.04 0.9 35.5756
1.08 0.9 68.9159
1.12 0.9 97.926
1.16 0.9 120.783
1.2 0.9 136.051
1.24 0.9 142.77
1.28 0.9 140.518
1.32 0.9 129.437
1.36 0.9 110.224
1.4 0.9 84.084
1.44 0.9 52.661
1.48 0.9 17.9292
1.52 0.9 -17.9292
1.56 0.9 -52.661
1.6 0.9 -84.084
1.64 0.9 -110.224
1.68 0.9 -129.437
1.72 0.9 -140.518
1.76 0.9 -142.77
1.8 0.9 -136.051
1.84 0.9 -120.783
1.88 0.9 -97.926
1.92 0.9 -68.9159
1.96 0.9 -35.5756
2 0.9 0

0 0.92 0
0.04 0.92 40.3285
0.08 0.92 78.1229
0.12 0.92 111.009
0.16 0.92 136.919
0.2 0.92 154.227
0.24 0.92 161.844
0.28 0.92 159.291
0.32 0.92 146.73
0.36 0.92 124.949
0.4 0.92 95.3174
0.44 0.92 59.6964
0.48 0.92 20.3245
0.52 0.92 -20.3245
0.56 0.92 -59.6964
0.6 0.92 -95.3174
0.64 0.92 -124.949
0.68 0.92 -146.73
0.72 0.92 -159.291
0.76 0.92 -161.844
0.8 0.92 -154.227
0.84 0.92 -136.919
0.88 0.92 -111.009
0.92 0.92 -78.1229
0.96 0.92 -40.3285
1 0.92 6.5221e-14
1.04 0.92 40.3285
1.08 0.92 78.1229
1.12 0.92 111.009
1.16 0.92 136.919
1.2 0.92 154.227
1.24 0.92 161.844
1.28 0.92 159.291
1.32 0.92 146.73
1.36 0.92 124.949
1.4 0.92 95.3174
1.44 0.92 59.6964
1.48 0.92 20.3245
1.52 0.92 -20.3245
1.56 0.92 -59.6964
1.6 0.92 -95.3174
1.64 0.92 -124.949
1.68 0.92 -146.73
1.72 0.92 -159.291
1.76 0.92 -161.844
1.8 0.92 -154.227
1.84 0.92 -136.919
1.88 0.92 -111.009
1.92 0.92 -78.1229
1.96 0.92 -40.3285
2 0.92 0

0 0.94 0
0.04 0.94 45.7156
0.08 0.94 88.5586
0.12 0.94 125.837
0.16 0.94 155.209
0.2 0.94 174.828
0.24 0.94 183.463
0.28 0.94 180.57
0.32 0.94 166.33
0.36 0.94 141.64
0.4 0.94 108.05
0.44 0.94 67.6707
0.48 0.94 23.0395
0.52 0.94 -23.0395
0.56 0.94 -67.6707
0.6 0.94 -108.05
0.64 0.94 -141.64
0.68 0.94 -166.33
0.72 0.94 -180.57
0.76 0.94 -183.463
0.8 0.94 -174.828
0.84 0.94 -155.209
0.88 0.94 -125.837
0.92 0.94 -88.5586
0.96 0.94 -45.7156
1 0.94 7.30738e-14
1.04 0.94 45.7156
1.08 0.94 88.5586
1.12 0.94 125.837
1.16 0.94 155.209
1.2 0.94 174.828
1.24 0.94 183.463
1.28 0.94 180.57
1.32 0.94 166.33
1.36 0.94 141.64
1.4 0.94 108.05
1.44 0.94 67.6707
1.48 0.94 23.0395
1.52 0.94 -23.0395
1.56 0.94 -67.6707
1.6 0.94 -108.05
1.64 0.94 -141.64
1.68 0.94 -166.33
1.72 0.94 -180.57
1.76 0.94 -183.463
1.8 0.94 -174.828
1.84 0.94 -155.209
1.88 0.94 -125.837
1.92 0.94 -88.5586
1.96 0.94 -45.7156
2 0.94 0

0 0.96 0
0.04 0.96 51.8215
0.08 0.96 100.387
0.12 0.96 142.644
0.16 0.96 175.939
0.2 0.96 198.179
0.24 0.96 207.967
0.28 0.96 204.687
0.32 0.96 188.546
0.36 0.96 160.558
0.4 0.96 122.481
0.44 0.96 76.709
0.48 0.96 26.1167
0.52 0.96 -26.1167
0.56 0.96 -76.709
0.6 0.96 -122.481
0.64 0.96 -160.558
0.68 0.96 -188.546
0.72 0.96 -204.687
0.76 0.96 -207.967
0.8 0.96 -198.179
0.84 0.96 -175.939
0.88 0.96 -142.644
0.92 0.96 -100.387
0.96 0.96 -51.8215
1 0.96 8.8053e-14
1.04 0.96 51.8215
1.08 0.96 100.387
1.12 0.96 142.644
1.16 0.96 175.939
1.2 0.96 198.179
1.24 0.96 207.967
1.28 0.96 204.687
1.32 0.96 188.546
1.36 0.96 160.558
1.4 0.96 122.481
1.44 0.96 76.709
1.48 0.96 26.1167
1.52 0.96 -26.1167
1.56 0.96 -76.709
1.6 0.96 -122.481
1.64 0.96 -160.558
1.68 0.96 -188.546
1.72 0.96 -204.687
1.76 0.96 -207.967
1.8 0.96 -198.179
1.84 0.96 -175.939
1.88 0.96 -142.644
1.92 0.96 -100.387
1.96 0.96 -51.8215
2 0.96 0

0 0.98 0
0.04 0.98 58.7419
0.08 0.98 113.793
0.12 0.98 161.694
0.16 0.98 199.435
0.2 0.98 224.645
0.24 0.98 235.739
0.28 0.98 232.022
0.32 0.98 213.725
0.36 0.98 181.999
0.4 0.98 138.838
0.44 0.98 86.9531
0.48 0.98 29.6044
0.52 0.98 -29.6044
0.56 0.98 -86.9531
0.6 0.98 -138.838
0.64 0.98 -181.999
0.68 0.98 -213.725
0.72 0.98 -232.022
0.76 0.98 -235.739
0.8 0.98 -224.645
0.84 0.98 -199.435
0.88 0.98 -161.694
0.92 0.98 -113.793
0.96 0.98 -58.7419
1 0.98 1.17912e-13
1.04 0.98 58.7419
1.08 0.98 113.793
1.12 0.98 161.694
1.16 0.98 199.435
1.2 0.98 224.645
1.24 0.98 235.739
1.28 0.98 232.022
1.32 0.98 213.725
1.36 0.98 181.999
1.4 0.98 138.838
1.44 0.98 86.9531
1.48 0.98 29.6044
1.52 0.98 -29.6044
1.56 0.98 -86.9531
1.6 0.98 -138.838
1.64 0.98 -181.999
1.68 0.98 -213.725
1.72 0.98 -232.022
1.76 0.98 -235.739
1.8 0.98 -224.645
1.84 0.98 -199.435
1.88 0.98 -161.694
1.92 0.98 -113.793
1.96 0.98 -58.7419
2 0.98 0

0 1 0
0.04 1 66.5854
0.08 1 128.987
0.12 1 183.284
0.16 1 226.064
0.2 1 254.641
0.24 1 267.217
0.28 1 263.002
0.32 1 242.263
0.36 1 206.301
0.4 1 157.377
0.44 1 98.5635
0.48 1 33.5573
0.52 1 -33.5573
0.56 1 -98.5635
0.6 1 -157.377
0.64 1 -206.301
0.68 1 -242.263
0.72 1 -263.002
0.76 1 -267.217
0.8 1 -254.641
0.84 1 -226.064
0.88 1 -183.284
0.92 1 -128.987
0.96 1 -66.5854
1 1 1.72227e-13
1.04 1 66.5854
1.08 1 128.987
1.12 1 183.284
1.16 1 226.064
1.2 1 254.641
1.24 1 267.217
1.28 1 263.002
1.32 1 242.263
1.36 1 206.301
1.4 1 157.377
1.44 1 98.5635
1.48 1 33.5573
1.52 1 -33.5573
1.56 1 -98.5635
1.6 1 -157.377
1.64 1 -206.301
1.68 1 -242.263
1.72 1 -263.002
1.76 1 -267.217
1.8 1 -254.641
1.84 1 -226.064
1.88 1 -183.284
1.92 1 -128.987
1.96 1 -66.5854
2 1 0

